2020/02/24-13:25:36.489201 7f33298c1700 RocksDB version: 5.18.3
2020/02/24-13:25:36.489331 7f33298c1700 Git sha rocksdb_build_git_sha:
2020/02/24-13:25:36.489340 7f33298c1700 Compile date Apr 20 2019
2020/02/24-13:25:36.489358 7f33298c1700 DB SUMMARY
2020/02/24-13:25:36.489503 7f33298c1700 CURRENT file:  CURRENT
2020/02/24-13:25:36.489510 7f33298c1700 IDENTITY file:  IDENTITY
2020/02/24-13:25:36.489561 7f33298c1700 MANIFEST file:  MANIFEST-000051 size: 330 Bytes
2020/02/24-13:25:36.489570 7f33298c1700 SST files in /home/corshine/kafka.debezium/data01/confluent_data/log/kafka-c3-svc/1/cp-command/_confluent-controlcenter-5-4-0-1-command/0_0/rocksdb/commander dir, Total Num: 2, files: 000049.sst 000055.sst 
2020/02/24-13:25:36.489575 7f33298c1700 Write Ahead Log file in /home/corshine/kafka.debezium/data01/confluent_data/log/kafka-c3-svc/1/cp-command/_confluent-controlcenter-5-4-0-1-command/0_0/rocksdb/commander: 000052.log size: 0 ; 
2020/02/24-13:25:36.489585 7f33298c1700                         Options.error_if_exists: 0
2020/02/24-13:25:36.489589 7f33298c1700                       Options.create_if_missing: 1
2020/02/24-13:25:36.489593 7f33298c1700                         Options.paranoid_checks: 1
2020/02/24-13:25:36.489596 7f33298c1700                                     Options.env: 0x7f32dbaf8ee0
2020/02/24-13:25:36.489600 7f33298c1700                                Options.info_log: 0x7f32fc4cdb60
2020/02/24-13:25:36.489603 7f33298c1700                Options.max_file_opening_threads: 16
2020/02/24-13:25:36.489607 7f33298c1700                              Options.statistics: (nil)
2020/02/24-13:25:36.489611 7f33298c1700                               Options.use_fsync: 0
2020/02/24-13:25:36.489614 7f33298c1700                       Options.max_log_file_size: 0
2020/02/24-13:25:36.489618 7f33298c1700                  Options.max_manifest_file_size: 1073741824
2020/02/24-13:25:36.489621 7f33298c1700                   Options.log_file_time_to_roll: 0
2020/02/24-13:25:36.489625 7f33298c1700                       Options.keep_log_file_num: 1000
2020/02/24-13:25:36.489628 7f33298c1700                    Options.recycle_log_file_num: 0
2020/02/24-13:25:36.489632 7f33298c1700                         Options.allow_fallocate: 1
2020/02/24-13:25:36.489635 7f33298c1700                        Options.allow_mmap_reads: 0
2020/02/24-13:25:36.489638 7f33298c1700                       Options.allow_mmap_writes: 0
2020/02/24-13:25:36.489641 7f33298c1700                        Options.use_direct_reads: 0
2020/02/24-13:25:36.489645 7f33298c1700                        Options.use_direct_io_for_flush_and_compaction: 0
2020/02/24-13:25:36.489648 7f33298c1700          Options.create_missing_column_families: 0
2020/02/24-13:25:36.489651 7f33298c1700                              Options.db_log_dir: 
2020/02/24-13:25:36.489669 7f33298c1700                                 Options.wal_dir: /home/corshine/kafka.debezium/data01/confluent_data/log/kafka-c3-svc/1/cp-command/_confluent-controlcenter-5-4-0-1-command/0_0/rocksdb/commander
2020/02/24-13:25:36.489673 7f33298c1700                Options.table_cache_numshardbits: 6
2020/02/24-13:25:36.489676 7f33298c1700                      Options.max_subcompactions: 1
2020/02/24-13:25:36.489680 7f33298c1700                  Options.max_background_flushes: -1
2020/02/24-13:25:36.489683 7f33298c1700                         Options.WAL_ttl_seconds: 0
2020/02/24-13:25:36.489686 7f33298c1700                       Options.WAL_size_limit_MB: 0
2020/02/24-13:25:36.489690 7f33298c1700             Options.manifest_preallocation_size: 4194304
2020/02/24-13:25:36.489693 7f33298c1700                     Options.is_fd_close_on_exec: 1
2020/02/24-13:25:36.489697 7f33298c1700                   Options.advise_random_on_open: 1
2020/02/24-13:25:36.489700 7f33298c1700                    Options.db_write_buffer_size: 0
2020/02/24-13:25:36.489703 7f33298c1700                    Options.write_buffer_manager: 0x7f32fc4cc5a0
2020/02/24-13:25:36.489706 7f33298c1700         Options.access_hint_on_compaction_start: 1
2020/02/24-13:25:36.489710 7f33298c1700  Options.new_table_reader_for_compaction_inputs: 0
2020/02/24-13:25:36.489741 7f33298c1700           Options.random_access_max_buffer_size: 1048576
2020/02/24-13:25:36.489745 7f33298c1700                      Options.use_adaptive_mutex: 0
2020/02/24-13:25:36.489749 7f33298c1700                            Options.rate_limiter: (nil)
2020/02/24-13:25:36.489756 7f33298c1700     Options.sst_file_manager.rate_bytes_per_sec: 0
2020/02/24-13:25:36.489759 7f33298c1700                       Options.wal_recovery_mode: 2
2020/02/24-13:25:36.489762 7f33298c1700                  Options.enable_thread_tracking: 0
2020/02/24-13:25:36.489766 7f33298c1700                  Options.enable_pipelined_write: 0
2020/02/24-13:25:36.489769 7f33298c1700         Options.allow_concurrent_memtable_write: 1
2020/02/24-13:25:36.489772 7f33298c1700      Options.enable_write_thread_adaptive_yield: 1
2020/02/24-13:25:36.489775 7f33298c1700             Options.write_thread_max_yield_usec: 100
2020/02/24-13:25:36.489779 7f33298c1700            Options.write_thread_slow_yield_usec: 3
2020/02/24-13:25:36.489782 7f33298c1700                               Options.row_cache: None
2020/02/24-13:25:36.489785 7f33298c1700                              Options.wal_filter: None
2020/02/24-13:25:36.489789 7f33298c1700             Options.avoid_flush_during_recovery: 0
2020/02/24-13:25:36.489792 7f33298c1700             Options.allow_ingest_behind: 0
2020/02/24-13:25:36.489795 7f33298c1700             Options.preserve_deletes: 0
2020/02/24-13:25:36.489798 7f33298c1700             Options.two_write_queues: 0
2020/02/24-13:25:36.489802 7f33298c1700             Options.manual_wal_flush: 0
2020/02/24-13:25:36.489807 7f33298c1700             Options.max_background_jobs: 4
2020/02/24-13:25:36.489810 7f33298c1700             Options.max_background_compactions: -1
2020/02/24-13:25:36.489814 7f33298c1700             Options.avoid_flush_during_shutdown: 0
2020/02/24-13:25:36.489817 7f33298c1700           Options.writable_file_max_buffer_size: 1048576
2020/02/24-13:25:36.489820 7f33298c1700             Options.delayed_write_rate : 16777216
2020/02/24-13:25:36.489824 7f33298c1700             Options.max_total_wal_size: 0
2020/02/24-13:25:36.489827 7f33298c1700             Options.delete_obsolete_files_period_micros: 21600000000
2020/02/24-13:25:36.489831 7f33298c1700                   Options.stats_dump_period_sec: 600
2020/02/24-13:25:36.489834 7f33298c1700                          Options.max_open_files: -1
2020/02/24-13:25:36.489837 7f33298c1700                          Options.bytes_per_sync: 0
2020/02/24-13:25:36.489840 7f33298c1700                      Options.wal_bytes_per_sync: 0
2020/02/24-13:25:36.489844 7f33298c1700       Options.compaction_readahead_size: 0
2020/02/24-13:25:36.489847 7f33298c1700 Compression algorithms supported:
2020/02/24-13:25:36.489851 7f33298c1700 	kZSTDNotFinalCompression supported: 1
2020/02/24-13:25:36.489866 7f33298c1700 	kZSTD supported: 1
2020/02/24-13:25:36.489871 7f33298c1700 	kXpressCompression supported: 0
2020/02/24-13:25:36.489874 7f33298c1700 	kLZ4HCCompression supported: 1
2020/02/24-13:25:36.489878 7f33298c1700 	kLZ4Compression supported: 1
2020/02/24-13:25:36.489881 7f33298c1700 	kBZip2Compression supported: 1
2020/02/24-13:25:36.489885 7f33298c1700 	kZlibCompression supported: 1
2020/02/24-13:25:36.489888 7f33298c1700 	kSnappyCompression supported: 1
2020/02/24-13:25:36.489899 7f33298c1700 Fast CRC32 supported: Not supported on x86
2020/02/24-13:25:36.491172 7f33298c1700               Options.comparator: leveldb.BytewiseComparator
2020/02/24-13:25:36.491183 7f33298c1700           Options.merge_operator: None
2020/02/24-13:25:36.491187 7f33298c1700        Options.compaction_filter: None
2020/02/24-13:25:36.491190 7f33298c1700        Options.compaction_filter_factory: None
2020/02/24-13:25:36.491194 7f33298c1700         Options.memtable_factory: SkipListFactory
2020/02/24-13:25:36.491197 7f33298c1700            Options.table_factory: BlockBasedTable
2020/02/24-13:25:36.491249 7f33298c1700            table_factory options:   flush_block_policy_factory: FlushBlockBySizePolicyFactory (0x7f32fc4cbef0)
  cache_index_and_filter_blocks: 0
  cache_index_and_filter_blocks_with_high_priority: 0
  pin_l0_filter_and_index_blocks_in_cache: 0
  pin_top_level_index_and_filter: 1
  index_type: 0
  hash_index_allow_collision: 1
  checksum: 1
  no_block_cache: 0
  block_cache: 0x7f32fc4c5870
  block_cache_name: LRUCache
  block_cache_options:
    capacity : 52428800
    num_shard_bits : 6
    strict_capacity_limit : 0
    memory_allocator : None
    high_pri_pool_ratio: 0.000
  block_cache_compressed: (nil)
  persistent_cache: (nil)
  block_size: 4096
  block_size_deviation: 10
  block_restart_interval: 16
  index_block_restart_interval: 1
  metadata_block_size: 4096
  partition_filters: 0
  use_delta_encoding: 1
  filter_policy: rocksdb.BuiltinBloomFilter
  whole_key_filtering: 1
  verify_compression: 0
  read_amp_bytes_per_bit: 0
  format_version: 0
  enable_index_compression: 1
  block_align: 0
2020/02/24-13:25:36.491284 7f33298c1700        Options.write_buffer_size: 16777216
2020/02/24-13:25:36.491289 7f33298c1700  Options.max_write_buffer_number: 3
2020/02/24-13:25:36.491294 7f33298c1700          Options.compression: NoCompression
2020/02/24-13:25:36.491298 7f33298c1700                  Options.bottommost_compression: Disabled
2020/02/24-13:25:36.491301 7f33298c1700       Options.prefix_extractor: nullptr
2020/02/24-13:25:36.491305 7f33298c1700   Options.memtable_insert_with_hint_prefix_extractor: nullptr
2020/02/24-13:25:36.491308 7f33298c1700             Options.num_levels: 7
2020/02/24-13:25:36.491311 7f33298c1700        Options.min_write_buffer_number_to_merge: 1
2020/02/24-13:25:36.491314 7f33298c1700     Options.max_write_buffer_number_to_maintain: 0
2020/02/24-13:25:36.491318 7f33298c1700            Options.bottommost_compression_opts.window_bits: -14
2020/02/24-13:25:36.491321 7f33298c1700                  Options.bottommost_compression_opts.level: 32767
2020/02/24-13:25:36.491325 7f33298c1700               Options.bottommost_compression_opts.strategy: 0
2020/02/24-13:25:36.491328 7f33298c1700         Options.bottommost_compression_opts.max_dict_bytes: 0
2020/02/24-13:25:36.491331 7f33298c1700         Options.bottommost_compression_opts.zstd_max_train_bytes: 0
2020/02/24-13:25:36.491335 7f33298c1700                  Options.bottommost_compression_opts.enabled: false
2020/02/24-13:25:36.491338 7f33298c1700            Options.compression_opts.window_bits: -14
2020/02/24-13:25:36.491342 7f33298c1700                  Options.compression_opts.level: 32767
2020/02/24-13:25:36.491345 7f33298c1700               Options.compression_opts.strategy: 0
2020/02/24-13:25:36.491348 7f33298c1700         Options.compression_opts.max_dict_bytes: 0
2020/02/24-13:25:36.491352 7f33298c1700         Options.compression_opts.zstd_max_train_bytes: 0
2020/02/24-13:25:36.491355 7f33298c1700                  Options.compression_opts.enabled: false
2020/02/24-13:25:36.491358 7f33298c1700      Options.level0_file_num_compaction_trigger: 4
2020/02/24-13:25:36.491361 7f33298c1700          Options.level0_slowdown_writes_trigger: 20
2020/02/24-13:25:36.491365 7f33298c1700              Options.level0_stop_writes_trigger: 36
2020/02/24-13:25:36.491368 7f33298c1700                   Options.target_file_size_base: 67108864
2020/02/24-13:25:36.491371 7f33298c1700             Options.target_file_size_multiplier: 1
2020/02/24-13:25:36.491374 7f33298c1700                Options.max_bytes_for_level_base: 268435456
2020/02/24-13:25:36.491378 7f33298c1700 Options.level_compaction_dynamic_level_bytes: 0
2020/02/24-13:25:36.491381 7f33298c1700          Options.max_bytes_for_level_multiplier: 10.000000
2020/02/24-13:25:36.491388 7f33298c1700 Options.max_bytes_for_level_multiplier_addtl[0]: 1
2020/02/24-13:25:36.491392 7f33298c1700 Options.max_bytes_for_level_multiplier_addtl[1]: 1
2020/02/24-13:25:36.491396 7f33298c1700 Options.max_bytes_for_level_multiplier_addtl[2]: 1
2020/02/24-13:25:36.491399 7f33298c1700 Options.max_bytes_for_level_multiplier_addtl[3]: 1
2020/02/24-13:25:36.491402 7f33298c1700 Options.max_bytes_for_level_multiplier_addtl[4]: 1
2020/02/24-13:25:36.491419 7f33298c1700 Options.max_bytes_for_level_multiplier_addtl[5]: 1
2020/02/24-13:25:36.491423 7f33298c1700 Options.max_bytes_for_level_multiplier_addtl[6]: 1
2020/02/24-13:25:36.491427 7f33298c1700       Options.max_sequential_skip_in_iterations: 8
2020/02/24-13:25:36.491430 7f33298c1700                    Options.max_compaction_bytes: 1677721600
2020/02/24-13:25:36.491433 7f33298c1700                        Options.arena_block_size: 2097152
2020/02/24-13:25:36.491437 7f33298c1700   Options.soft_pending_compaction_bytes_limit: 68719476736
2020/02/24-13:25:36.491440 7f33298c1700   Options.hard_pending_compaction_bytes_limit: 274877906944
2020/02/24-13:25:36.491444 7f33298c1700       Options.rate_limit_delay_max_milliseconds: 100
2020/02/24-13:25:36.491447 7f33298c1700                Options.disable_auto_compactions: 0
2020/02/24-13:25:36.491452 7f33298c1700                        Options.compaction_style: kCompactionStyleUniversal
2020/02/24-13:25:36.491455 7f33298c1700                          Options.compaction_pri: kByCompensatedSize
2020/02/24-13:25:36.491458 7f33298c1700 Options.compaction_options_universal.size_ratio: 1
2020/02/24-13:25:36.491462 7f33298c1700 Options.compaction_options_universal.min_merge_width: 2
2020/02/24-13:25:36.491465 7f33298c1700 Options.compaction_options_universal.max_merge_width: 4294967295
2020/02/24-13:25:36.491468 7f33298c1700 Options.compaction_options_universal.max_size_amplification_percent: 200
2020/02/24-13:25:36.491472 7f33298c1700 Options.compaction_options_universal.compression_size_percent: -1
2020/02/24-13:25:36.491476 7f33298c1700 Options.compaction_options_universal.stop_style: kCompactionStopStyleTotalSize
2020/02/24-13:25:36.491479 7f33298c1700 Options.compaction_options_fifo.max_table_files_size: 1073741824
2020/02/24-13:25:36.491482 7f33298c1700 Options.compaction_options_fifo.allow_compaction: 0
2020/02/24-13:25:36.491486 7f33298c1700 Options.compaction_options_fifo.ttl: 0
2020/02/24-13:25:36.491489 7f33298c1700                   Options.table_properties_collectors: 
2020/02/24-13:25:36.491492 7f33298c1700                   Options.inplace_update_support: 0
2020/02/24-13:25:36.491496 7f33298c1700                 Options.inplace_update_num_locks: 10000
2020/02/24-13:25:36.491499 7f33298c1700               Options.memtable_prefix_bloom_size_ratio: 0.000000
2020/02/24-13:25:36.491504 7f33298c1700   Options.memtable_huge_page_size: 0
2020/02/24-13:25:36.491507 7f33298c1700                           Options.bloom_locality: 0
2020/02/24-13:25:36.491510 7f33298c1700                    Options.max_successive_merges: 0
2020/02/24-13:25:36.491514 7f33298c1700                Options.optimize_filters_for_hits: 0
2020/02/24-13:25:36.491517 7f33298c1700                Options.paranoid_file_checks: 0
2020/02/24-13:25:36.491520 7f33298c1700                Options.force_consistency_checks: 0
2020/02/24-13:25:36.491523 7f33298c1700                Options.report_bg_io_stats: 0
2020/02/24-13:25:36.491526 7f33298c1700                               Options.ttl: 0
2020/02/24-13:25:36.514107 7f33298c1700               Options.comparator: leveldb.BytewiseComparator
2020/02/24-13:25:36.514134 7f33298c1700           Options.merge_operator: None
2020/02/24-13:25:36.514142 7f33298c1700        Options.compaction_filter: None
2020/02/24-13:25:36.514148 7f33298c1700        Options.compaction_filter_factory: None
2020/02/24-13:25:36.514154 7f33298c1700         Options.memtable_factory: SkipListFactory
2020/02/24-13:25:36.514160 7f33298c1700            Options.table_factory: BlockBasedTable
2020/02/24-13:25:36.514242 7f33298c1700            table_factory options:   flush_block_policy_factory: FlushBlockBySizePolicyFactory (0x7f32fc4cbef0)
  cache_index_and_filter_blocks: 0
  cache_index_and_filter_blocks_with_high_priority: 0
  pin_l0_filter_and_index_blocks_in_cache: 0
  pin_top_level_index_and_filter: 1
  index_type: 0
  hash_index_allow_collision: 1
  checksum: 1
  no_block_cache: 0
  block_cache: 0x7f32fc4c5870
  block_cache_name: LRUCache
  block_cache_options:
    capacity : 52428800
    num_shard_bits : 6
    strict_capacity_limit : 0
    memory_allocator : None
    high_pri_pool_ratio: 0.000
  block_cache_compressed: (nil)
  persistent_cache: (nil)
  block_size: 4096
  block_size_deviation: 10
  block_restart_interval: 16
  index_block_restart_interval: 1
  metadata_block_size: 4096
  partition_filters: 0
  use_delta_encoding: 1
  filter_policy: rocksdb.BuiltinBloomFilter
  whole_key_filtering: 1
  verify_compression: 0
  read_amp_bytes_per_bit: 0
  format_version: 0
  enable_index_compression: 1
  block_align: 0
2020/02/24-13:25:36.514307 7f33298c1700        Options.write_buffer_size: 16777216
2020/02/24-13:25:36.514316 7f33298c1700  Options.max_write_buffer_number: 3
2020/02/24-13:25:36.514324 7f33298c1700          Options.compression: NoCompression
2020/02/24-13:25:36.514331 7f33298c1700                  Options.bottommost_compression: Disabled
2020/02/24-13:25:36.514337 7f33298c1700       Options.prefix_extractor: nullptr
2020/02/24-13:25:36.514343 7f33298c1700   Options.memtable_insert_with_hint_prefix_extractor: nullptr
2020/02/24-13:25:36.514349 7f33298c1700             Options.num_levels: 7
2020/02/24-13:25:36.514355 7f33298c1700        Options.min_write_buffer_number_to_merge: 1
2020/02/24-13:25:36.514361 7f33298c1700     Options.max_write_buffer_number_to_maintain: 0
2020/02/24-13:25:36.514367 7f33298c1700            Options.bottommost_compression_opts.window_bits: -14
2020/02/24-13:25:36.514373 7f33298c1700                  Options.bottommost_compression_opts.level: 32767
2020/02/24-13:25:36.514380 7f33298c1700               Options.bottommost_compression_opts.strategy: 0
2020/02/24-13:25:36.514386 7f33298c1700         Options.bottommost_compression_opts.max_dict_bytes: 0
2020/02/24-13:25:36.514392 7f33298c1700         Options.bottommost_compression_opts.zstd_max_train_bytes: 0
2020/02/24-13:25:36.514398 7f33298c1700                  Options.bottommost_compression_opts.enabled: false
2020/02/24-13:25:36.514404 7f33298c1700            Options.compression_opts.window_bits: -14
2020/02/24-13:25:36.514410 7f33298c1700                  Options.compression_opts.level: 32767
2020/02/24-13:25:36.514417 7f33298c1700               Options.compression_opts.strategy: 0
2020/02/24-13:25:36.514423 7f33298c1700         Options.compression_opts.max_dict_bytes: 0
2020/02/24-13:25:36.514429 7f33298c1700         Options.compression_opts.zstd_max_train_bytes: 0
2020/02/24-13:25:36.514435 7f33298c1700                  Options.compression_opts.enabled: false
2020/02/24-13:25:36.514441 7f33298c1700      Options.level0_file_num_compaction_trigger: 4
2020/02/24-13:25:36.514447 7f33298c1700          Options.level0_slowdown_writes_trigger: 20
2020/02/24-13:25:36.514453 7f33298c1700              Options.level0_stop_writes_trigger: 36
2020/02/24-13:25:36.514459 7f33298c1700                   Options.target_file_size_base: 67108864
2020/02/24-13:25:36.514465 7f33298c1700             Options.target_file_size_multiplier: 1
2020/02/24-13:25:36.514471 7f33298c1700                Options.max_bytes_for_level_base: 268435456
2020/02/24-13:25:36.514477 7f33298c1700 Options.level_compaction_dynamic_level_bytes: 0
2020/02/24-13:25:36.514483 7f33298c1700          Options.max_bytes_for_level_multiplier: 10.000000
2020/02/24-13:25:36.514493 7f33298c1700 Options.max_bytes_for_level_multiplier_addtl[0]: 1
2020/02/24-13:25:36.514500 7f33298c1700 Options.max_bytes_for_level_multiplier_addtl[1]: 1
2020/02/24-13:25:36.514507 7f33298c1700 Options.max_bytes_for_level_multiplier_addtl[2]: 1
2020/02/24-13:25:36.514513 7f33298c1700 Options.max_bytes_for_level_multiplier_addtl[3]: 1
2020/02/24-13:25:36.514519 7f33298c1700 Options.max_bytes_for_level_multiplier_addtl[4]: 1
2020/02/24-13:25:36.514525 7f33298c1700 Options.max_bytes_for_level_multiplier_addtl[5]: 1
2020/02/24-13:25:36.514531 7f33298c1700 Options.max_bytes_for_level_multiplier_addtl[6]: 1
2020/02/24-13:25:36.514537 7f33298c1700       Options.max_sequential_skip_in_iterations: 8
2020/02/24-13:25:36.514543 7f33298c1700                    Options.max_compaction_bytes: 1677721600
2020/02/24-13:25:36.514571 7f33298c1700                        Options.arena_block_size: 2097152
2020/02/24-13:25:36.514579 7f33298c1700   Options.soft_pending_compaction_bytes_limit: 68719476736
2020/02/24-13:25:36.514585 7f33298c1700   Options.hard_pending_compaction_bytes_limit: 274877906944
2020/02/24-13:25:36.514591 7f33298c1700       Options.rate_limit_delay_max_milliseconds: 100
2020/02/24-13:25:36.514598 7f33298c1700                Options.disable_auto_compactions: 0
2020/02/24-13:25:36.514605 7f33298c1700                        Options.compaction_style: kCompactionStyleUniversal
2020/02/24-13:25:36.514611 7f33298c1700                          Options.compaction_pri: kByCompensatedSize
2020/02/24-13:25:36.514617 7f33298c1700 Options.compaction_options_universal.size_ratio: 1
2020/02/24-13:25:36.514623 7f33298c1700 Options.compaction_options_universal.min_merge_width: 2
2020/02/24-13:25:36.514629 7f33298c1700 Options.compaction_options_universal.max_merge_width: 4294967295
2020/02/24-13:25:36.514636 7f33298c1700 Options.compaction_options_universal.max_size_amplification_percent: 200
2020/02/24-13:25:36.514642 7f33298c1700 Options.compaction_options_universal.compression_size_percent: -1
2020/02/24-13:25:36.514649 7f33298c1700 Options.compaction_options_universal.stop_style: kCompactionStopStyleTotalSize
2020/02/24-13:25:36.514655 7f33298c1700 Options.compaction_options_fifo.max_table_files_size: 1073741824
2020/02/24-13:25:36.514661 7f33298c1700 Options.compaction_options_fifo.allow_compaction: 0
2020/02/24-13:25:36.514667 7f33298c1700 Options.compaction_options_fifo.ttl: 0
2020/02/24-13:25:36.514673 7f33298c1700                   Options.table_properties_collectors: 
2020/02/24-13:25:36.514679 7f33298c1700                   Options.inplace_update_support: 0
2020/02/24-13:25:36.514685 7f33298c1700                 Options.inplace_update_num_locks: 10000
2020/02/24-13:25:36.514691 7f33298c1700               Options.memtable_prefix_bloom_size_ratio: 0.000000
2020/02/24-13:25:36.514699 7f33298c1700   Options.memtable_huge_page_size: 0
2020/02/24-13:25:36.514705 7f33298c1700                           Options.bloom_locality: 0
2020/02/24-13:25:36.514711 7f33298c1700                    Options.max_successive_merges: 0
2020/02/24-13:25:36.514717 7f33298c1700                Options.optimize_filters_for_hits: 0
2020/02/24-13:25:36.514723 7f33298c1700                Options.paranoid_file_checks: 0
2020/02/24-13:25:36.514729 7f33298c1700                Options.force_consistency_checks: 0
2020/02/24-13:25:36.514735 7f33298c1700                Options.report_bg_io_stats: 0
2020/02/24-13:25:36.514741 7f33298c1700                               Options.ttl: 0
